353787169
205315868
38924415
83940
48496649
49363915
962927899
204956896
303304744
205316802
204961437
9093919799
205670915
51973016
94835
45338128
204738812
4319759
46865549
49378762
63682
49502555
205317616
205212203
278005381
717688660
200130344
829275
781908679
37384147
205107553
27227981
1081253
204683848
48878942
576180362
200174265
441622353
9498330
42250822
204752351
205876985
200235177
47230514
448705597
43140004
4607469
2052337
32687773
954465785
205319588
1124016157
3058006
49278347
36230795
3976837
2869316
450439217
4424823
200147536
41838838
314945997
47477506
269765816
204980077
42841774
1534703468
23673126
907282531
204695567
782453138
9562942464
47960804
455123655
47187104
1275990
3118107
43408262
444563922
47154952
44034347
48608609
205122984
200148204
254648096
200172722
57630279
442504636
27471095
204732515
4686407
54235097
200227048
45576420
19326685
380244636
40049860
12083
200096170
363351793
200161545
4043331
204837376
379679898
891380
675727355
361797195
10949
493175519
3776608
204739497
205006171
284657815
936949473
2736854
205206644
116433173
200183000
204735494
205679734
3263239
913241662
45259028
7019765
47164624
438071800
1743814639
43937232
200160379
200183431
12661078
627916675
205681194
200027360
200130971
675120934
282956645
46864880
26224788
13835710
748891805
100001
41998751
200009758
205675902
1772136914
627387103
38016695
200182050
40991751
48456599
204962177
365616731
3307044
205315277
205670379
17359302
204722535
782533579
272977695
200181299
205138945
204832741
46015050
205137101
1012761894
205758208
414722701
56146
205675303
45888169
671746116
205253720
623709850
452965832
205485146
200020172
574427497
205669154
204770234
41370894
200024008
44300327
625351438
204676494
191128319
591478961
26617870
1104643500
377983111
37850253
46066909
205535979
199996777
170527916
21852365
1070986502
49486138
641230082
200026298
200181331
14958479
42802514
382101194
49337431
48729150
46640083
204763041
312930743
47277980
204673232
126141
200235473
418092259
70723
205236200
204717382
200177253
204696925
85565972
1129190846
25517027
44877802
200098098
814367255
774573529
47407845
33203242
454683881
121082217
651010529
3216519
48917233
40738445
417649376
204691349
327387981
821877473
204731975
2690816
424772783
96662
2711184
540651417
336792
154202510
919404
41963497
205674069
204691487
849560636
478303169
45414292
200183180
204950440
49283907
204962476
354965864
2819458
3791711
46559882
205209931
200098751
1798046427
204838858
52431
49067547
1063717088
26654506
947306915
204647038
345332075
410413463
204963639
2971820
865076391
137026740
35409124
80210571
205413089
205682279
205688601
863987
205682321
200162960
383809406
79859679
204837261
360133349
46060042
779166009
1562521
402299814
205669836
205237318
205410150
34146293
204934719
200026404
38203908
337554917
158420
3538321
14943559
205680923
4019638
44996342
204720027
17435366
4184292
46942396
49157524
46314046
41540783
200024758
494059327
47136068
49059627
45488204
49038156
200172496
204885128
204925925
4012013
205411440
43801247
456789
56789
430626595
507752915
83940
39290253
807378803
970691564
514399623
515141243
9093919799
137990973
20081215
64380136
63714797
1204732707
514975788
445983718
445859396
592193812
461702317
27227981
447887013
457352523
123642111
9498330
39850764
190794229
893095629
461701584
506981434
635588951
515693788
457360866
731439771
46801748
52047304
23673126
164094501
9562942464
48353202
34347679
41207174
57226447
59546193
68494213
306376661
1418086022
44028484
69809179
49176647
39793620
12083
3185889
303120901
67938697
521884500
891380
10949
465306133
464518008
71572880
7019765
506963332
66140727
20688554
4966074
521884463
12661078
47821976
214593935
100001
446269913
429667683
282301029
457336595
63350626
69733444
64363823
40075202
67282634
464500331
205675902
445066168
42458367
515090794
296173799
1163067184
46495704
446233295
49161135
497415653
17359302
931889913
906123347
61019516
47373951
59749285
457333501
53951006
467023375
507754580
1334071613
46352755
594358203
58126434
56146
747422619
71552506
466384313
431414683
70476361
15111
61105108
63682
457340126
51973016
308276694
69731420
457361201
670068197
542007420
598067494
44530629
52636563
461596140
464508324
71160321
2865284214
54249179
363772314
334287540
70723
592082002
46546336
121082217
429670505
63679262
3216519
1034078299
462256271
465299395
457343223
96662
445791834
446169558
919404
81372241
444966089
1824111578
960995986
492567587
291814286
956651844
71578250
66536763
445848352
446233156
457327615
443126097
53742110
2402914235
50419700
1007707385
35409124
506979206
863987
457327188
68862082
68818916
462498266
995781219
429727944
158420
61840254
57541332
568117861
1034182769
465304774
429687533
1892327
1253589120
465174134
464538329
547024179
430626595
507752915
83940
39290253
807378803
970691564
514399623
515141243
9093919799
137990973
20081215
64380136
63714797
1204732707
514975788
445983718
445859396
592193812
461702317
27227981
447887013
457352523
123642111
9498330
39850764
190794229
893095629
461701584
506981434
635588951
515693788
457360866
731439771
46801748
52047304
23673126
164094501
9562942464
48353202
34347679
41207174
57226447
59546193
68494213
306376661
1418086022
44028484
69809179
49176647
39793620
12083
3185889
303120901
67938697
521884500
891380
10949
465306133
464518008
71572880
7019765
506963332
66140727
20688554
4966074
521884463
12661078
47821976
214593935
100001
446269913
429667683
282301029
457336595
63350626
69733444
64363823
40075202
67282634
464500331
445066168
42458367
515090794
296173799
1163067184
46495704
446233295
49161135
497415653
17359302
931889913
906123347
61019516
47373951
59749285
457333501
53951006
467023375
507754580
1334071613
46352755
594358203
58126434
56146
747422619
71552506
466384313
431414683
70476361
15111
61105108
63682
457340126
51973016
308276694
69731420
457361201
670068197
542007420
598067494
44530629
52636563
461596140
464508324
71160321
2865284214
54249179
363772314
334287540
70723
592082002
46546336
121082217
429670505
63679262
3216519
1034078299
462256271
465299395
457343223
96662
445791834
446169558
919404
81372241
444966089
1824111578
960995986
492567587
291814286
956651844
71578250
66536763
445848352
446233156
457327615
443126097
53742110
2402914235
50419700
1007707385
35409124
506979206
863987
457327188
68862082
68818916
462498266
995781219
429727944
158420
61840254
57541332
568117861
1034182769
465304774
429687533
1892327
1253589120
465174134
204885128
464538329
547024179
10419467
2526297221
48267
148174
2068383
26451439
782048171
10828
2526405034
6987692
3640723
30074092
30214727
27296875
71722
73140121
1512259
77046
22644
12655061
9562942464
35014
17046
25899937
27622447
2160527
774897069
666666
6394591
5332630
22640
34101569
80650
62489894
37905
27318593
661160053
10949
26978990
2350714
29356600
3699807
7019765
45259028
6306863
143268
4321640
454545
81549
19936347
27605698
120550
100001
25865152
1964619
133232
25913121
475424
26752088
27091350
208094
77323
25922096
26773744
52484307
2502311890
4402152
58762
27056409
26275861
25882296
29790279
11584016
40318360
14826283
56146
94342
2507370070
2219162
23241
206766405
96582
63682
27337812
11446574
26705107
4048631
6508764
26339586
1517424
2199642108
11600001
27310435
941871
26366496
2535454
10829914
1292337
70723
676312332
845491513
635202
11635613
26957500
89380
2529206747
5235298
68970
424242
12326
2500130777
28384635
29497308
19062619
229614
180957030
277822004
11575751
472944
524639
11183191
35230176
2494279975
40596
4031723
2519070834
979797
27920443
158420
28263604
34462584
6902639
2529394955
31315094
2394115
43315151
29470672
139429070
92539
430626595
507752915
83940
39290253
807378803
970691564
514399623
515141243
9093919799
137990973
20081215
64380136
63714797
1204732707
514975788
445983718
445859396
592193812
461702317
27227981
447887013
457352523
123642111
9498330
39850764
190794229
893095629
461701584
506981434
635588951
515693788
457360866
731439771
46801748
52047304
23673126
164094501
9562942464
48353202
34347679
41207174
57226447
59546193
68494213
306376661
1418086022
44028484
69809179
49176647
39793620
12083
3185889
303120901
67938697
521884500
891380
10949
465306133
464518008
71572880
7019765
506963332
66140727
20688554
4966074
521884463
12661078
47821976
214593935
100001
446269913
429667683
282301029
457336595
63350626
69733444
64363823
40075202
67282634
464500331
445066168
42458367
515090794
296173799
1163067184
46495704
446233295
49161135
497415653
17359302
931889913
906123347
61019516
47373951
59749285
457333501
53951006
467023375
507754580
1334071613
46352755
594358203
58126434
56146
747422619
71552506
466384313
431414683
70476361
15111
61105108
63682
457340126
51973016
308276694
69731420
457361201
670068197
542007420
598067494
44530629
52636563
461596140
464508324
71160321
2865284214
54249179
363772314
334287540
70723
592082002
46546336
121082217
429670505
63679262
3216519
1034078299
462256271
465299395
457343223
96662
445791834
446169558
919404
81372241
444966089
1824111578
960995986
492567587
291814286
956651844
71578250
205209931
66536763
445848352
446233156
457327615
443126097
53742110
2402914235
50419700
1007707385
35409124
506979206
863987
457327188
68862082
68818916
462498266
995781219
429727944
158420
61840254
57541332
568117861
1034182769
465304774
429687533
1892327
1253589120
465174134
464538329
547024179
430626595
507752915
83940
39290253
807378803
970691564
514399623
515141243
9093919799
137990973
20081215
64380136
63714797
1204732707
514975788
445983718
445859396
592193812
461702317
27227981
447887013
457352523
123642111
9498330
39850764
190794229
893095629
461701584
506981434
635588951
515693788
457360866
731439771
46801748
52047304
23673126
164094501
9562942464
48353202
34347679
41207174
57226447
59546193
68494213
306376661
1418086022
44028484
69809179
49176647
39793620
12083
3185889
303120901
67938697
521884500
891380
10949
465306133
464518008
71572880
7019765
506963332
66140727
20688554
4966074
521884463
12661078
47821976
214593935
100001
446269913
429667683
282301029
457336595
63350626
69733444
64363823
40075202
67282634
464500331
445066168
42458367
515090794
296173799
1163067184
46495704
446233295
49161135
497415653
17359302
931889913
906123347
61019516
47373951
59749285
457333501
53951006
467023375
507754580
1334071613
46352755
594358203
58126434
56146
747422619
71552506
466384313
431414683
70476361
15111
61105108
63682
457340126
51973016
308276694
69731420
457361201
670068197
542007420
598067494
44530629
52636563
461596140
464508324
71160321
2865284214
54249179
363772314
334287540
70723
204696925
592082002
46546336
121082217
429670505
63679262
3216519
1034078299
462256271
465299395
457343223
96662
445791834
446169558
919404
81372241
444966089
1824111578
960995986
492567587
291814286
956651844
71578250
66536763
445848352
446233156
457327615
443126097
53742110
2402914235
50419700
1007707385
35409124
506979206
863987
457327188
68862082
68818916
462498266
995781219
429727944
158420
61840254
57541332
568117861
1034182769
465304774
429687533
1892327
1253589120
465174134
464538329
547024179
494949
49067547
93408
528641
80089
2180426257
2231791943
69601822
29730930
48267
148174
2208592166
11026735
11153584
19965972
372767
1786670
3264192
842105
10601137
77046
22644
1959154
24468373
680734
9562942464
2785398
2160527
666666
38680529
80650
7054604
50183573
37905
25835293
27314302
10949
122263
618847
7019765
1727290
4321640
454545
155788270
100001
3321977
5851322
133232
25898124
475424
107792
107786
77323
4402152
62502642
58762
2224568669
25747921
214981
112384
60070277
56146
94342
24960228
2187231762
25895442
5342776
58586405
23241
1722545381
96582
63682
27102925
96749582
10036
11810348
1517424
20427187
794583044
916342
941871
49337431
70723
42392653
27996178
6041191
845491513
20379760
635202
39251
53002271
11635613
89380
2131595
2604331
68970
424242
27310359
2401343
24428402
25858785
524639
59131
9070992
2224055583
1400056430
106616
26314362
39716835
40596
979797
10438426
6054521
158420
642678
48545405
1291992
110178
1770782
941871
10949
70723
100001
1517424
9562942464
7019765
56146
158420
48856675
121082217
3216519
83940
96662
12083
919404
9093919799
56146
891380
10949
493175519
27227981
63682
35409124
50229413
51973016
7019765
863987
50071349
9498330
12661078
73596
100001
158420
35211167
48545405
23673126
70723
9562942464
17359302
47407845
1510650635
941871
10949
1510650788
70723
1510651410
100001
1517424
9562942464
67746
52896
7019765
1510650736
56146
158420
2894724
466394
62851
3097445
48267
148174
2170091755
2173577632
1274516481
1415350
10625833
42048020
1472916935
1302542
4714762
77046
22644
30787859
9562942464
1090043
137683
45903
666666
417074776
27471095
80650
37905
1485260
10949
424243
51464488
7019765
1513548
4321640
454545
74597
100001
133232
475424
77323
4402152
1344031
9016540488
58762
1258220
3804891
11924559
2340168
79846
56146
94342
124206
23241
96582
11275
2159072475
2192535722
1517424
2766209
941871
61754259
1394767
70723
49410523
845491513
635202
2839035
667168
46669064
11635613
89380
32330044
67054956
68970
424242
13320686
1077102
524639
40596
1529893
29359119
979797
158420
106900
108709
63689567
143716
134798
1293182
430626595
507752915
83940
39290253
807378803
970691564
514399623
515141243
9093919799
137990973
20081215
64380136
63714797
1204732707
514975788
445983718
445859396
592193812
461702317
27227981
447887013
457352523
123642111
9498330
39850764
190794229
893095629
461701584
506981434
635588951
515693788
457360866
731439771
46801748
52047304
23673126
164094501
9562942464
48353202
34347679
41207174
57226447
59546193
68494213
306376661
1418086022
44028484
69809179
49176647
39793620
12083
3185889
303120901
67938697
521884500
891380
10949
465306133
464518008
71572880
7019765
506963332
66140727
20688554
4966074
521884463
12661078
47821976
214593935
100001
446269913
429667683
282301029
457336595
63350626
69733444
64363823
40075202
67282634
464500331
445066168
42458367
515090794
296173799
1163067184
46495704
446233295
49161135
497415653
17359302
931889913
906123347
61019516
47373951
59749285
457333501
53951006
467023375
507754580
1334071613
46352755
594358203
58126434
56146
747422619
71552506
466384313
431414683
70476361
15111
61105108
63682
457340126
51973016
308276694
69731420
457361201
670068197
542007420
598067494
44530629
52636563
461596140
464508324
71160321
2865284214
54249179
363772314
334287540
70723
592082002
46546336
121082217
429670505
63679262
3216519
1034078299
462256271
465299395
457343223
205674069
96662
445791834
446169558
919404
81372241
444966089
1824111578
960995986
492567587
291814286
956651844
71578250
66536763
445848352
446233156
457327615
443126097
53742110
2402914235
50419700
1007707385
35409124
506979206
863987
457327188
68862082
68818916
462498266
995781219
429727944
158420
61840254
57541332
568117861
1034182769
465304774
429687533
1892327
1253589120
465174134
464538329
547024179
494949
93408
49486138
80089
528641
456789
56789
20160803
20140625
12083
1994016063
20160727
430626595
507752915
83940
39290253
807378803
970691564
514399623
515141243
9093919799
137990973
20081215
64380136
63714797
1204732707
514975788
445983718
445859396
592193812
200130344
461702317
27227981
447887013
457352523
123642111
9498330
39850764
190794229
893095629
461701584
506981434
635588951
515693788
457360866
731439771
46801748
52047304
23673126
164094501
9562942464
48353202
34347679
41207174
57226447
59546193
68494213
306376661
1418086022
44028484
69809179
49176647
39793620
12083
3185889
303120901
67938697
521884500
891380
10949
465306133
464518008
71572880
7019765
506963332
66140727
20688554
4966074
521884463
12661078
47821976
214593935
100001
446269913
429667683
282301029
457336595
63350626
69733444
64363823
40075202
67282634
464500331
445066168
42458367
515090794
296173799
1163067184
46495704
446233295
49161135
497415653
17359302
931889913
906123347
61019516
47373951
59749285
457333501
53951006
467023375
507754580
1334071613
46352755
594358203
58126434
56146
747422619
71552506
466384313
431414683
70476361
15111
61105108
63682
457340126
51973016
308276694
69731420
457361201
670068197
542007420
598067494
44530629
52636563
461596140
464508324
71160321
2865284214
54249179
363772314
334287540
70723
592082002
46546336
121082217
429670505
63679262
3216519
1034078299
462256271
465299395
457343223
96662
445791834
446169558
919404
81372241
444966089
1824111578
960995986
492567587
291814286
956651844
71578250
66536763
445848352
446233156
457327615
443126097
53742110
2402914235
50419700
1007707385
35409124
506979206
863987
457327188
68862082
68818916
462498266
995781219
429727944
158420
61840254
57541332
568117861
1034182769
465304774
429687533
1892327
1253589120
465174134
464538329
547024179
121082217
3216519
83940
96662
12083
919404
9093919799
56146
891380
10949
493175519
27227981
63682
35409124
779601
51973016
7019765
863987
9498330
12661078
100001
158420
34559
23673126
70723
9562942464
17359302
47407845
430626595
507752915
83940
39290253
807378803
970691564
514399623
515141243
9093919799
137990973
20081215
64380136
63714797
1204732707
514975788
445983718
445859396
592193812
461702317
27227981
447887013
457352523
123642111
9498330
39850764
190794229
893095629
461701584
506981434
635588951
515693788
457360866
731439771
46801748
52047304
23673126
164094501
9562942464
48353202
34347679
41207174
57226447
59546193
68494213
306376661
1418086022
44028484
69809179
49176647
39793620
12083
3185889
303120901
67938697
521884500
891380
10949
465306133
464518008
71572880
7019765
506963332
66140727
20688554
4966074
521884463
12661078
47821976
214593935
100001
446269913
429667683
282301029
457336595
63350626
69733444
64363823
40075202
67282634
464500331
445066168
42458367
515090794
296173799
1163067184
46495704
446233295
49161135
497415653
17359302
931889913
906123347
61019516
47373951
59749285
457333501
53951006
467023375
507754580
1334071613
46352755
594358203
58126434
56146
747422619
71552506
466384313
431414683
70476361
15111
61105108
63682
457340126
51973016
308276694
69731420
457361201
670068197
542007420
598067494
44530629
52636563
461596140
464508324
71160321
2865284214
54249179
363772314
334287540
70723
592082002
46546336
121082217
429670505
63679262
3216519
1034078299
462256271
465299395
457343223
96662
445791834
446169558
919404
81372241
444966089
1824111578
960995986
492567587
291814286
956651844
71578250
66536763
445848352
446233156
457327615
443126097
53742110
2402914235
50419700
1007707385
35409124
506979206
863987
457327188
68862082
68818916
462498266
995781219
429727944
158420
61840254
57541332
568117861
1034182769
465304774
429687533
1892327
1253589120
465174134
200172496
464538329
547024179
430626595
507752915
83940
39290253
807378803
970691564
514399623
515141243
9093919799
137990973
20081215
64380136
63714797
1204732707
514975788
445983718
445859396
592193812
461702317
27227981
447887013
457352523
123642111
9498330
39850764
190794229
893095629
461701584
506981434
635588951
515693788
457360866
731439771
46801748
52047304
23673126
204695567
164094501
9562942464
48353202
34347679
41207174
57226447
59546193
68494213
306376661
1418086022
44028484
69809179
49176647
39793620
12083
3185889
303120901
67938697
521884500
891380
10949
465306133
464518008
71572880
7019765
506963332
66140727
20688554
4966074
521884463
12661078
47821976
214593935
100001
446269913
429667683
282301029
457336595
63350626
69733444
64363823
40075202
67282634
464500331
445066168
42458367
515090794
296173799
1163067184
46495704
446233295
49161135
497415653
17359302
931889913
906123347
61019516
47373951
59749285
457333501
53951006
467023375
507754580
1334071613
46352755
594358203
58126434
56146
747422619
71552506
466384313
431414683
70476361
15111
61105108
63682
457340126
51973016
308276694
69731420
457361201
670068197
542007420
598067494
44530629
52636563
461596140
464508324
71160321
2865284214
54249179
363772314
334287540
70723
592082002
46546336
121082217
429670505
63679262
3216519
1034078299
462256271
465299395
457343223
96662
445791834
446169558
919404
81372241
444966089
1824111578
960995986
492567587
291814286
956651844
71578250
66536763
445848352
446233156
457327615
443126097
53742110
2402914235
50419700
1007707385
35409124
506979206
863987
457327188
68862082
68818916
462498266
995781219
429727944
158420
61840254
57541332
568117861
1034182769
465304774
429687533
1892327
1253589120
465174134
464538329
547024179
430626595
507752915
83940
39290253
807378803
970691564
514399623
515141243
9093919799
137990973
20081215
64380136
63714797
1204732707
514975788
445983718
445859396
592193812
461702317
27227981
447887013
457352523
123642111
9498330
39850764
190794229
205319588
893095629
461701584
506981434
635588951
515693788
457360866
731439771
46801748
52047304
23673126
164094501
9562942464
48353202
34347679
41207174
57226447
59546193
68494213
306376661
1418086022
44028484
69809179
49176647
39793620
12083
3185889
303120901
67938697
521884500
891380
10949
465306133
464518008
71572880
7019765
506963332
66140727
20688554
4966074
521884463
12661078
47821976
214593935
100001
446269913
429667683
282301029
457336595
63350626
69733444
64363823
40075202
67282634
464500331
445066168
42458367
515090794
296173799
1163067184
46495704
446233295
49161135
497415653
17359302
931889913
906123347
61019516
47373951
59749285
457333501
53951006
467023375
507754580
1334071613
46352755
594358203
58126434
56146
747422619
71552506
466384313
431414683
70476361
15111
61105108
63682
457340126
51973016
308276694
69731420
457361201
670068197
542007420
598067494
44530629
52636563
461596140
464508324
71160321
2865284214
54249179
363772314
334287540
70723
592082002
46546336
121082217
429670505
63679262
3216519
1034078299
462256271
465299395
457343223
96662
445791834
446169558
919404
81372241
444966089
1824111578
960995986
492567587
291814286
956651844
71578250
66536763
445848352
446233156
457327615
443126097
53742110
2402914235
50419700
1007707385
35409124
506979206
863987
457327188
68862082
68818916
462498266
995781219
429727944
158420
61840254
57541332
568117861
1034182769
465304774
429687533
1892327
1253589120
465174134
464538329
547024179
430626595
507752915
83940
39290253
807378803
970691564
514399623
515141243
9093919799
137990973
20081215
64380136
63714797
1204732707
514975788
445983718
445859396
592193812
461702317
27227981
447887013
457352523
123642111
9498330
39850764
190794229
893095629
461701584
506981434
635588951
515693788
457360866
731439771
46801748
52047304
23673126
164094501
9562942464
48353202
34347679
41207174
57226447
59546193
68494213
306376661
1418086022
44028484
69809179
49176647
200172722
39793620
12083
3185889
303120901
67938697
521884500
891380
10949
465306133
464518008
71572880
7019765
506963332
66140727
20688554
4966074
521884463
12661078
47821976
214593935
100001
446269913
429667683
282301029
457336595
63350626
69733444
64363823
40075202
67282634
464500331
445066168
42458367
515090794
296173799
1163067184
46495704
446233295
49161135
497415653
17359302
931889913
906123347
61019516
47373951
59749285
457333501
53951006
467023375
507754580
1334071613
46352755
594358203
58126434
56146
747422619
71552506
466384313
431414683
70476361
15111
61105108
63682
457340126
51973016
308276694
69731420
457361201
670068197
542007420
598067494
44530629
52636563
461596140
464508324
71160321
2865284214
54249179
363772314
334287540
70723
592082002
46546336
121082217
429670505
63679262
3216519
1034078299
462256271
465299395
457343223
96662
445791834
446169558
919404
81372241
444966089
1824111578
960995986
492567587
291814286
956651844
71578250
66536763
445848352
446233156
457327615
443126097
53742110
2402914235
50419700
1007707385
35409124
506979206
863987
457327188
68862082
68818916
462498266
995781219
429727944
158420
61840254
57541332
568117861
1034182769
465304774
429687533
1892327
1253589120
465174134
464538329
547024179
120159042
119781709
83940
120740821
127900106
9093919799
128024490
128130864
12400
129323320
884300
200046
675328
303246
784579
195814
120772225
128986634
10326
459836
44294
126830418
290366
121379845
9562942464
121134765
120730989
120095172
75633
125281230
259997
120547239
129637079
126828545
10949
623617
121193737
914890
7019765
37825
10233
129332857
16130
100001
51586
30377
740217
120526802
163202
17882
120575340
120327409
135641
21257
120737716
14771
373148
56146
11636
146625
128018465
127529758
160384
225759
31443
129918581
51973016
121071927
97916
129551546
121193263
118803
120698865
121025282
120706654
120327957
70723
121243425
129333875
127456111
129165959
146983
121239866
31354
13547
51389
78132
121404127
121189384
201197
121299685
117654392
158420
189914
861000
27354
456789
56789
2497035428
25543
3636592
124267411
18172461
48267
148174
1300070
7018733
1266443127
68086
53283028
19891018
4238362
77046
22644
121132866
4499167
601243
9562942464
1309163
48963680
69593
666666
180080965
751429
1404331
80650
71240
37905
6047925
10949
81593869
6434270
25794334
3824086
2522256119
27039141
67065682
7019765
4321640
454545
352686
35260
100001
293845
483604864
133232
6508784
41998751
475424
4616653
26752088
68042314
11664980
77323
1473229011
6977935
1498488511
4402152
5952615
58762
1258220
26699190
2158222825
56146
94342
49746087
363456
26336252
124622926
23241
10539432
96582
4011548
29691172
11567824
120429263
2521625065
2164670
2529365085
1261560
1517424
109950
941871
1304624
8936114
70723
87589
106545
2518519566
25722001
845491513
4671868
635202
98262
11635613
3896764
89380
7065469
26233
2358906814
27379456
208324
169856124
1513425
26985973
68970
424242
26633257
1858483341
1040771
2522880251
511778
524639
2380418
2158221698
28278
5314492
25849049
20066
40596
120429724
979797
2519070834
198323569
158420
27245019
4243447
6309832
2155290
26877106
34266123
253156084
456789
56789
3096029
3119826
272643
26718282
3600251
48267
148174
1173559067
26989730
95814
12833
887494
203209515
23573227
5958397
46219706
4687055
1067853
14366
77046
22644
2510604929
3097879
11464
9562942464
509249
26972275
666666
1972520
39932821
10720999
27885456
80650
37905
267119634
9074663
55068396
1000034
10949
2089222
11232790
22606111
27911
2340927
6874741
7019765
4321640
454545
27017288
2515437624
27140017
100001
133232
18619
4018263
475424
4653287
77323
21424
27964767
2507572275
4402152
58762
2019508860
1266090
56146
94342
4109909
23241
5323008
20285040
96582
3698217
2513982852
111410
110549
1995752943
19810920
1517424
3546034
4589573
1464327
14958479
941871
4695583
3667783
70723
69322537
845491513
106782
26220763
635202
6933046
11635613
89380
23570422
149837
3816658
68970
424242
2519994468
2497887494
72719
1295135929
524639
26774688
4625222
55202
40596
51138571
120760
26683723
979797
57692
158420
2443574154
58723
43288565
3522695
24523
28638865
1392601
430626595
507752915
83940
39290253
807378803
970691564
514399623
515141243
9093919799
137990973
20081215
64380136
63714797
1204732707
514975788
445983718
445859396
592193812
461702317
27227981
447887013
457352523
123642111
9498330
39850764
190794229
893095629
461701584
506981434
635588951
515693788
457360866
731439771
46801748
52047304
23673126
164094501
9562942464
48353202
34347679
41207174
57226447
59546193
68494213
306376661
1418086022
44028484
69809179
49176647
39793620
12083
3185889
303120901
67938697
521884500
891380
10949
465306133
464518008
71572880
7019765
506963332
66140727
20688554
4966074
521884463
12661078
47821976
214593935
100001
446269913
429667683
282301029
457336595
63350626
69733444
64363823
40075202
67282634
464500331
445066168
42458367
515090794
296173799
1163067184
46495704
446233295
49161135
497415653
17359302
931889913
906123347
61019516
47373951
59749285
457333501
53951006
467023375
507754580
1334071613
46352755
594358203
58126434
56146
747422619
71552506
466384313
431414683
70476361
15111
61105108
63682
457340126
51973016
308276694
69731420
457361201
670068197
542007420
598067494
44530629
52636563
461596140
464508324
71160321
2865284214
54249179
204673232
363772314
334287540
70723
592082002
46546336
121082217
429670505
63679262
3216519
1034078299
462256271
465299395
457343223
96662
445791834
446169558
919404
81372241
444966089
1824111578
960995986
492567587
291814286
956651844
71578250
66536763
445848352
446233156
457327615
443126097
53742110
2402914235
50419700
1007707385
35409124
506979206
863987
457327188
68862082
68818916
462498266
995781219
429727944
158420
61840254
57541332
568117861
1034182769
465304774
429687533
1892327
1253589120
465174134
464538329
547024179
941871
10949
70723
100001
1517424
9562942464
67746
52896
7019765
56146
158420
430626595
507752915
83940
39290253
807378803
970691564
514399623
515141243
9093919799
137990973
20081215
64380136
63714797
1204732707
514975788
445983718
445859396
592193812
461702317
27227981
447887013
457352523
123642111
9498330
39850764
190794229
893095629
461701584
506981434
635588951
515693788
457360866
731439771
46801748
52047304
23673126
164094501
9562942464
48353202
34347679
41207174
57226447
59546193
68494213
306376661
1418086022
44028484
69809179
49176647
39793620
12083
3185889
303120901
67938697
521884500
891380
10949
465306133
464518008
71572880
7019765
506963332
66140727
20688554
4966074
521884463
12661078
47821976
214593935
100001
446269913
429667683
282301029
457336595
63350626
69733444
64363823
40075202
67282634
464500331
445066168
42458367
515090794
296173799
1163067184
46495704
446233295
49161135
497415653
17359302
931889913
906123347
61019516
47373951
59749285
457333501
53951006
467023375
507754580
1334071613
46352755
594358203
58126434
56146
747422619
71552506
466384313
431414683
70476361
15111
61105108
63682
457340126
51973016
308276694
69731420
457361201
670068197
542007420
598067494
44530629
52636563
461596140
464508324
71160321
2865284214
54249179
363772314
334287540
70723
592082002
46546336
121082217
429670505
63679262
3216519
1034078299
462256271
465299395
457343223
96662
445791834
446169558
919404
81372241
444966089
1824111578
960995986
492567587
291814286
956651844
71578250
66536763
204647038
445848352
446233156
457327615
443126097
53742110
2402914235
50419700
1007707385
35409124
506979206
863987
457327188
68862082
68818916
462498266
995781219
429727944
158420
61840254
57541332
568117861
1034182769
465304774
429687533
1892327
1253589120
465174134
464538329
547024179
